2.565616803765392806e+00
2.564124652657560066e+00
2.564124652657560066e+00
2.564124652657560066e+00
2.564124652657560066e+00
2.565370299532452769e+00
2.565370299532452769e+00
2.564013189582302399e+00
2.558982118039614395e+00
2.553163084524600279e+00
2.528242769742670593e+00
2.490847310431775430e+00
2.433213540375847028e+00
2.368944208457082645e+00
2.282898845767174389e+00
2.201305831591487738e+00
2.092268464468377775e+00
1.976340964782151932e+00
1.838843502902266724e+00
1.726568419723516934e+00
1.577874816498323618e+00
1.472093577261134323e+00
1.358267149154511966e+00
1.225073817053468961e+00
1.128313265511367680e+00
1.050785323007403571e+00
9.643238975925606526e-01
8.846107754729380934e-01
8.307661144376938811e-01
7.886783565332761148e-01
7.452839862154132522e-01
7.285826640440430380e-01
7.245081365618080138e-01
7.285826640440430380e-01
7.326277758033348242e-01
7.678449955205886024e-01
8.199648566617840917e-01
8.787034871038433836e-01
9.485583128505348238e-01
1.020681162500316042e+00
1.120663211022363770e+00
1.220265371366437757e+00
1.326666286258602945e+00
1.423582393967260495e+00
1.524753271140654176e+00
1.658063132743780699e+00
1.775993192069569071e+00
1.876683247906244967e+00
1.984925160387224885e+00
2.092268464468377775e+00
2.174406515473616075e+00
2.259126172417829981e+00
2.328572949848575213e+00
2.379540291340946023e+00
2.411476156475198085e+00
2.435095938905809110e+00
2.459884497269170023e+00
2.459884497269170023e+00
2.428874477359348916e+00
2.405757250742820208e+00
2.350616030019842206e+00
2.303744358922924285e+00
2.233193558364457765e+00
2.148547742155173079e+00
2.058120335229592257e+00
1.967483346880399164e+00
1.858663922183056982e+00
1.750847183329345969e+00
1.644450981441443860e+00
1.524753271140654176e+00
1.429817958091825769e+00
1.331549215967908095e+00
1.225073817053468961e+00
1.148743811779437074e+00
1.069988355337697428e+00
1.007790019949001969e+00
9.485583128505348238e-01
9.106560566127206435e-01
8.752573891575521348e-01
8.595180139714996281e-01
8.415553388184093819e-01
8.415553388184093819e-01
8.588303098118984513e-01
8.787034871038433836e-01
9.106560566127206435e-01
9.597028037497993269e-01
1.014776562264444904e+00
1.092482917676766085e+00
1.164330667151735499e+00
1.255955125677262751e+00
1.354407584710877410e+00
1.434410775951938000e+00
1.528637757189890589e+00
1.656326597406936330e+00
1.772762390811120081e+00
1.853143504351286941e+00
1.939818489080262998e+00
2.031253729241371708e+00
2.096540845491582594e+00
2.171134115608916559e+00
2.230896541383044163e+00
2.273772431205401290e+00
2.301338548581902010e+00
2.328572949848575213e+00
2.332205407844978762e+00
2.332205407844978762e+00
2.309279071860312449e+00
2.277231613992677151e+00
2.237302482667187675e+00
2.180893589968684765e+00
2.122480826776360185e+00
2.035935889673237575e+00
1.967483346880399164e+00
1.878290586735181122e+00
1.775993192069569071e+00
1.687982075923979419e+00
1.582031614596540514e+00
1.483274060230278746e+00
1.411474192612837575e+00
1.324425133123322107e+00
1.225073817053468961e+00
1.164330667151735499e+00
1.092482917676766085e+00
1.022470293823568577e+00
9.847660375572329094e-01
9.485583128505348238e-01
9.128887770826338288e-01
8.928699126034143063e-01
8.872700727472263571e-01
8.928699126034143063e-01
9.128887770826338288e-01
9.485583128505348238e-01
9.847660375572329094e-01
1.041182265412534669e+00
1.102784329857805945e+00
1.164330667151735499e+00
1.231983862546352171e+00
1.329528121818584818e+00
1.428304199345465708e+00
1.501901558460571273e+00
1.595611080141260851e+00
1.691567659949280822e+00
1.780378806546498938e+00
1.878290586735181122e+00
1.939818489080262998e+00
2.016160142827424728e+00
2.087622181490919271e+00
2.136591545418808469e+00
2.171134115608916559e+00
2.203367314273319888e+00
2.226211680346506849e+00
2.238867159833554332e+00
2.238867159833554332e+00
2.226211680346506849e+00
2.203433777579911990e+00
2.171134115608916559e+00
2.138764053046560587e+00
2.087622181490919271e+00
2.023590012208975164e+00
1.948838399547879519e+00
1.878290586735181122e+00
1.795857130879185526e+00
1.726568419723516934e+00
1.622744639370480524e+00
1.524753271140654176e+00
1.447572978241997710e+00
1.380484393304775237e+00
1.297491406937921088e+00
1.220265371366437757e+00
1.148743811779437074e+00
1.098314725233925371e+00
1.046257048796828570e+00
1.007790019949001969e+00
9.796580139995129111e-01
9.485583128505348238e-01
9.485583128505348238e-01
9.485583128505348238e-01
9.575153984276206787e-01
9.847660375572329094e-01
1.016885307727703580e+00
1.061647838986254033e+00
1.118336298040761845e+00
1.174637880334572282e+00
1.255955125677262751e+00
1.332006141717418046e+00
1.409773577993247207e+00
1.483167324141172694e+00
1.573423058763596671e+00
1.660237074969807214e+00
1.739509327117485959e+00
1.818434370789160592e+00
1.883044846210514933e+00
1.955490955414313614e+00
2.004966729636989964e+00
2.048425246143064538e+00
2.095476966404258512e+00
2.140272265207779689e+00
2.152457476109339130e+00
2.157961063966010951e+00
2.157961063966010951e+00
2.152457476109339130e+00
2.146852423376057306e+00
2.111928865280966683e+00
2.083435976169984549e+00
2.034020280130307778e+00
1.981659123827362867e+00
1.926886953105396927e+00
1.868045373203848447e+00
1.785198885961232218e+00
1.718901275556915742e+00
1.631448699512976219e+00
1.544979502057795884e+00
1.475970598476378903e+00
1.404738447547682512e+00
1.333873725409597588e+00
1.270509718070313765e+00
1.195336684617622325e+00
1.139202447265409424e+00
1.097703977311142109e+00
1.066822679740319302e+00
1.036001353138906733e+00
1.010620159724342493e+00
1.004934269112387923e+00
1.007790019949001969e+00
1.007483920802319410e+00
1.038639068105147611e+00
1.070893802125303829e+00
1.118336298040761845e+00
1.164330667151735499e+00
1.220265371366437757e+00
1.284022209248621094e+00
1.358780641444518933e+00
1.426995071956099759e+00
1.483274060230278746e+00
1.570296139060819218e+00
1.651591923265060213e+00
1.726568419723516934e+00
1.800975935807584971e+00
1.873552643514051264e+00
1.920392695030096020e+00
1.977703480730209851e+00
2.018003574353657292e+00
2.045564765568623766e+00
2.087622181490919271e+00
2.096540845491582594e+00
2.118370395896636449e+00
2.114752219006181377e+00
2.114752219006181377e+00
2.090654893669313896e+00
2.080078738918885506e+00
2.034020280130307778e+00
2.001758261646406467e+00
1.955277985659246820e+00
1.899195033997686410e+00
1.827908778630549458e+00
1.775993192069569071e+00
1.696031250764143516e+00
1.627561322835842095e+00
1.532725141448949335e+00
1.475741181887402664e+00
1.412430092383963665e+00
1.353552614467007364e+00
1.276853363130362018e+00
1.222715764808833594e+00
1.169345328637344084e+00
1.120663211022363770e+00
1.107719049302878345e+00
1.064247325227017926e+00
1.061647838986254033e+00
1.056312746170295025e+00
1.056312746170295025e+00
1.061647838986254033e+00
1.092482917676766085e+00
1.118336298040761845e+00
1.164330667151735499e+00
1.210177584366011194e+00
1.255955125677262751e+00
1.326171478387080604e+00
1.377834584628946590e+00
1.428304199345465708e+00
1.518076976637904085e+00
1.577914324813574964e+00
1.646750019960343092e+00
1.727402334969134756e+00
1.777744680472013172e+00
1.842954107686359810e+00
1.895052727646328483e+00
1.946315811150884034e+00
1.988926329354485212e+00
2.026707549546768572e+00
2.039779371435745503e+00
2.068147459544096733e+00
2.083435976169984549e+00
2.083435976169984549e+00
2.083435976169984549e+00
2.045564765568623766e+00
2.035935889673237575e+00
1.995410145859053630e+00
1.969568936762676969e+00
1.918894497084346007e+00
1.875548787962773467e+00
1.823342412331700801e+00
1.757011590160628689e+00
1.677478743817405249e+00
1.623226572046598370e+00
1.532725141448949335e+00
1.478328221068643478e+00
1.410458124673482416e+00
1.353552614467007364e+00
1.307639376058622238e+00
1.247572042049386765e+00
1.195336684617622325e+00
1.164330667151735499e+00
1.122967927598115923e+00
1.113147687534660202e+00
1.097703977311142109e+00
1.097703977311142109e+00
1.102784329857805945e+00
1.118336298040761845e+00
1.120663211022363770e+00
1.164330667151735499e+00
1.201129399967450162e+00
1.242447231699862487e+00
1.289727027534245396e+00
1.353552614467007364e+00
1.416491192926804699e+00
1.478328221068643478e+00
1.528045221908845397e+00
1.597096662258277400e+00
1.673377652381654590e+00
1.728755175302393310e+00
1.784302813687180134e+00
1.837708140033812665e+00
1.899622802051631254e+00
1.934233807465464583e+00
1.986748519280917336e+00
2.015217465490544591e+00
2.038420962306063622e+00
2.046151865028971173e+00
2.048645600844452463e+00
2.048645600844452463e+00
2.046151865028971173e+00
2.038420962306063622e+00
2.015217465490544591e+00
1.981659123827362867e+00
1.934233807465464583e+00
1.878727282835288781e+00
1.830661296261319348e+00
1.782764052228037466e+00
1.723917533340909358e+00
1.658730648430549737e+00
1.577974421181755238e+00
1.523331138021971176e+00
1.459784500946690100e+00
1.403229171252135199e+00
1.353552614467007364e+00
1.304836056719500759e+00
1.248145070090373565e+00
1.220793254892111879e+00
1.171326407524742041e+00
1.161778538578249087e+00
1.129550661978677040e+00
1.118336298040761845e+00
1.119510021038656600e+00
1.118336298040761845e+00
1.153416475105303096e+00
1.166508057839936496e+00
1.199685732579486075e+00
1.222641839426128696e+00
1.278915652322369034e+00
1.324855964412001930e+00
1.382074369528894620e+00
1.428304199345465708e+00
1.495894513954547422e+00
1.559823427664815298e+00
1.627867886241189277e+00
1.678054851070426512e+00
1.742841033301982590e+00
1.798753047641451941e+00
1.851908754622445308e+00
1.887639120146064942e+00
1.934233807465464583e+00
1.976340964782151932e+00
1.991135749435957392e+00
2.021169445339826343e+00
2.032972447052176168e+00
2.032972447052176168e+00
2.032972447052176168e+00
2.009772191443008893e+00
1.988931305151621753e+00
1.964404372068932814e+00
1.934233807465464583e+00
1.895052727646328483e+00
1.851908754622445308e+00
1.803714075770634917e+00
1.754828356402865275e+00
1.691189150650818096e+00
1.627867886241189277e+00
1.573443298097541465e+00
1.510006417618155794e+00
1.458954124316611312e+00
1.407582740165064461e+00
1.353552614467007364e+00
1.312395054868171318e+00
1.267025208783762347e+00
1.222641839426128696e+00
1.205067648130784930e+00
1.169345328637344084e+00
1.164330667151735499e+00
1.164330667151735499e+00
1.164330667151735499e+00
1.169345328637344084e+00
1.176122688634176461e+00
1.220793254892111879e+00
1.236672430567894221e+00
1.276853363130362018e+00
1.326171478387080604e+00
1.373567178743103856e+00
1.423626539363779919e+00
1.477827920613792756e+00
1.523331138021971176e+00
1.577974421181755238e+00
1.640144489127437266e+00
1.695330369746135935e+00
1.763839613495685743e+00
1.821604459066840098e+00
1.855585378293542309e+00
1.887639120146064942e+00
1.929014673855430351e+00
1.958544493491727545e+00
1.981659123827362867e+00
1.981659123827362867e+00
2.000264909041012729e+00
2.000264909041012729e+00
1.981659123827362867e+00
1.981659123827362867e+00
1.958544493491727545e+00
1.934233807465464583e+00
1.895052727646328483e+00
1.855585378293542309e+00
1.829277873821076206e+00
1.770267069869138288e+00
1.714317207723558001e+00
1.658730648430549737e+00
1.597096662258277400e+00
1.528045221908845397e+00
1.477827920613792756e+00
1.428304199345465708e+00
1.382074369528894620e+00
1.348316758586184827e+00
1.303714920107342801e+00
1.267025208783762347e+00
1.224471782778010276e+00
1.220793254892111879e+00
1.192476974259489619e+00
1.176122688634176461e+00
1.176122688634176461e+00
1.181898378243728898e+00
1.192476974259489619e+00
1.220793254892111879e+00
1.242048406900391200e+00
1.272124139557234468e+00
1.324855964412001930e+00
1.358780641444518933e+00
1.358780641444518933e+00
1.358780641444518933e+00
