2.450000000000000000e+01 1.120000000000000107e+01
2.466666666666666430e+01 1.111111111111111072e+01
2.466666666666666430e+01 1.111111111111111072e+01
2.466666666666666430e+01 1.111111111111111072e+01
2.466666666666666430e+01 1.111111111111111072e+01
2.463636363636363669e+01 1.109090909090909172e+01
2.463636363636363669e+01 1.109090909090909172e+01
2.480000000000000071e+01 1.100000000000000000e+01
2.488888888888888573e+01 1.111111111111111072e+01
2.480000000000000071e+01 1.140000000000000036e+01
2.555555555555555358e+01 1.166666666666666607e+01
2.678571428571428470e+01 1.200000000000000000e+01
2.823076923076923350e+01 1.284615384615384670e+01
3.013333333333333286e+01 1.359999999999999964e+01
3.214285714285713880e+01 1.492857142857142705e+01
3.450000000000000000e+01 1.600000000000000000e+01
3.630769230769230660e+01 1.800000000000000000e+01
3.800000000000000000e+01 2.015384615384615330e+01
3.993333333333333002e+01 2.273333333333333428e+01
4.050000000000000000e+01 2.500000000000000000e+01
4.100000000000000000e+01 2.800000000000000000e+01
4.100000000000000000e+01 3.015384615384615685e+01
4.021428571428571530e+01 3.242857142857142350e+01
3.916666666666666430e+01 3.508333333333332860e+01
3.783333333333332860e+01 3.691666666666666430e+01
3.600000000000000000e+01 3.815384615384615330e+01
3.466666666666666430e+01 3.975000000000000000e+01
3.263636363636364024e+01 4.090909090909091361e+01
3.141666666666666430e+01 4.175000000000000000e+01
3.000000000000000000e+01 4.215384615384615330e+01
2.916666666666666430e+01 4.291666666666666430e+01
2.850000000000000000e+01 4.300000000000000000e+01
2.830769230769231015e+01 4.300000000000000000e+01
2.850000000000000000e+01 4.300000000000000000e+01
2.869230769230769340e+01 4.300000000000000000e+01
2.976923076923077005e+01 4.261538461538462030e+01
3.116666666666666430e+01 4.191666666666666430e+01
3.250000000000000000e+01 4.100000000000000000e+01
3.430769230769230660e+01 4.000000000000000000e+01
3.566666666666666430e+01 3.875000000000000000e+01
3.750000000000000000e+01 3.700000000000000000e+01
3.900000000000000000e+01 3.515384615384615330e+01
4.016666666666666430e+01 3.308333333333332860e+01
4.100000000000000000e+01 3.115384615384615685e+01
4.116666666666666430e+01 2.908333333333333215e+01
4.121428571428571530e+01 2.635714285714285410e+01
4.030769230769230660e+01 2.400000000000000000e+01
3.950000000000000000e+01 2.200000000000000000e+01
3.814285714285713880e+01 1.992857142857142705e+01
3.630769230769230660e+01 1.800000000000000000e+01
3.484615384615384670e+01 1.653846153846154010e+01
3.300000000000000000e+01 1.515384615384615508e+01
3.150000000000000000e+01 1.400000000000000000e+01
3.023076923076923350e+01 1.323076923076923173e+01
2.914285714285714235e+01 1.292857142857142705e+01
2.866666666666666430e+01 1.250000000000000000e+01
2.800000000000000000e+01 1.215384615384615508e+01
2.800000000000000000e+01 1.215384615384615508e+01
2.858333333333333215e+01 1.275000000000000000e+01
2.930769230769231015e+01 1.300000000000000000e+01
3.076923076923077005e+01 1.376923076923077005e+01
3.206666666666666288e+01 1.440000000000000036e+01
3.366666666666666430e+01 1.553333333333333321e+01
3.530769230769230660e+01 1.700000000000000000e+01
3.693333333333333002e+01 1.860000000000000142e+01
3.841666666666666430e+01 2.025000000000000000e+01
3.979999999999999716e+01 2.233333333333333215e+01
4.050000000000000000e+01 2.450000000000000000e+01
4.107142857142856940e+01 2.664285714285714235e+01
4.116666666666666430e+01 2.908333333333333215e+01
4.069230769230769340e+01 3.100000000000000000e+01
4.030769230769230660e+01 3.300000000000000000e+01
3.916666666666666430e+01 3.508333333333332860e+01
3.800000000000000000e+01 3.650000000000000000e+01
3.663636363636364024e+01 3.790909090909091361e+01
3.550000000000000000e+01 3.900000000000000000e+01
3.430769230769230660e+01 4.000000000000000000e+01
3.330769230769230660e+01 4.053846153846154010e+01
3.230769230769230660e+01 4.100000000000000000e+01
3.163636363636363669e+01 4.109090909090909349e+01
3.150000000000000000e+01 4.150000000000000000e+01
3.150000000000000000e+01 4.150000000000000000e+01
3.200000000000000000e+01 4.128571428571428470e+01
3.250000000000000000e+01 4.100000000000000000e+01
3.330769230769230660e+01 4.053846153846154010e+01
3.433333333333333570e+01 3.973333333333333428e+01
3.553846153846154010e+01 3.884615384615384670e+01
3.700000000000000000e+01 3.750000000000000000e+01
3.800000000000000000e+01 3.615384615384615330e+01
3.906666666666666288e+01 3.439999999999999858e+01
4.014285714285713880e+01 3.250000000000000000e+01
4.083333333333332860e+01 3.091666666666666430e+01
4.100000000000000000e+01 2.900000000000000000e+01
4.106666666666666288e+01 2.639999999999999858e+01
4.016666666666666430e+01 2.408333333333333215e+01
3.950000000000000000e+01 2.250000000000000000e+01
3.846153846153846700e+01 2.084615384615384670e+01
3.736363636363636687e+01 1.909090909090908994e+01
3.600000000000000000e+01 1.800000000000000000e+01
3.478571428571428470e+01 1.664285714285714235e+01
3.361538461538462030e+01 1.561538461538461675e+01
3.250000000000000000e+01 1.500000000000000000e+01
3.200000000000000000e+01 1.450000000000000000e+01
3.150000000000000000e+01 1.400000000000000000e+01
3.130769230769231015e+01 1.400000000000000000e+01
3.130769230769231015e+01 1.400000000000000000e+01
3.193750000000000000e+01 1.431250000000000000e+01
3.230769230769230660e+01 1.500000000000000000e+01
3.350000000000000000e+01 1.550000000000000000e+01
3.471428571428571530e+01 1.642857142857142705e+01
3.566666666666666430e+01 1.750000000000000000e+01
3.730769230769230660e+01 1.900000000000000000e+01
3.841666666666666430e+01 2.025000000000000000e+01
3.930769230769230660e+01 2.200000000000000000e+01
4.030769230769230660e+01 2.400000000000000000e+01
4.076923076923077360e+01 2.576923076923077005e+01
4.083333333333332860e+01 2.791666666666666430e+01
4.083333333333332860e+01 2.991666666666666430e+01
4.076923076923077360e+01 3.138461538461538680e+01
3.983333333333332860e+01 3.308333333333332860e+01
3.916666666666666430e+01 3.508333333333332860e+01
3.800000000000000000e+01 3.615384615384615330e+01
3.700000000000000000e+01 3.750000000000000000e+01
3.584615384615384670e+01 3.876923076923077360e+01
3.506666666666666288e+01 3.939999999999999858e+01
3.430769230769230660e+01 4.000000000000000000e+01
3.361538461538462030e+01 4.061538461538462030e+01
3.330769230769230660e+01 4.100000000000000000e+01
3.316666666666666430e+01 4.108333333333332860e+01
3.330769230769230660e+01 4.100000000000000000e+01
3.361538461538462030e+01 4.061538461538462030e+01
3.430769230769230660e+01 4.000000000000000000e+01
3.506666666666666288e+01 3.939999999999999858e+01
3.606666666666666288e+01 3.839999999999999858e+01
3.707142857142856940e+01 3.728571428571428470e+01
3.800000000000000000e+01 3.615384615384615330e+01
3.914285714285713880e+01 3.492857142857142350e+01
4.000000000000000000e+01 3.300000000000000000e+01
4.030769230769230660e+01 3.100000000000000000e+01
4.084615384615384670e+01 2.953846153846154010e+01
4.078571428571428470e+01 2.764285714285714235e+01
4.050000000000000000e+01 2.571428571428571175e+01
4.014285714285713880e+01 2.392857142857142705e+01
3.930769230769230660e+01 2.200000000000000000e+01
3.846153846153846700e+01 2.084615384615384670e+01
3.753846153846154010e+01 1.938461538461538680e+01
3.636363636363636687e+01 1.809090909090908994e+01
3.541666666666666430e+01 1.725000000000000000e+01
3.478571428571428470e+01 1.664285714285714235e+01
3.400000000000000000e+01 1.615384615384615330e+01
3.358333333333332860e+01 1.575000000000000000e+01
3.333333333333333570e+01 1.553333333333333321e+01
3.333333333333333570e+01 1.553333333333333321e+01
3.358333333333332860e+01 1.575000000000000000e+01
3.416666666666666430e+01 1.608333333333333215e+01
3.478571428571428470e+01 1.664285714285714235e+01
3.553846153846154010e+01 1.715384615384615330e+01
3.636363636363636687e+01 1.809090909090908994e+01
3.741666666666666430e+01 1.925000000000000000e+01
3.861538461538462030e+01 2.061538461538461675e+01
3.930769230769230660e+01 2.200000000000000000e+01
4.007692307692308020e+01 2.361538461538461675e+01
4.050000000000000000e+01 2.500000000000000000e+01
4.116666666666666430e+01 2.708333333333333215e+01
4.116666666666666430e+01 2.908333333333333215e+01
4.078571428571428470e+01 3.064285714285714235e+01
4.050000000000000000e+01 3.200000000000000000e+01
3.961538461538462030e+01 3.361538461538462030e+01
3.900000000000000000e+01 3.515384615384615330e+01
3.800000000000000000e+01 3.650000000000000000e+01
3.721428571428571530e+01 3.742857142857142350e+01
3.638461538461538680e+01 3.838461538461538680e+01
3.550000000000000000e+01 3.900000000000000000e+01
3.500000000000000000e+01 3.950000000000000000e+01
3.430769230769230660e+01 4.000000000000000000e+01
3.430769230769230660e+01 4.000000000000000000e+01
3.430769230769230660e+01 4.000000000000000000e+01
3.453333333333333144e+01 3.986666666666666714e+01
3.506666666666666288e+01 3.939999999999999858e+01
3.571428571428571530e+01 3.885714285714285410e+01
3.630769230769230660e+01 3.800000000000000000e+01
3.730769230769230660e+01 3.700000000000000000e+01
3.830769230769230660e+01 3.600000000000000000e+01
3.906666666666666288e+01 3.439999999999999858e+01
3.985714285714285410e+01 3.292857142857142350e+01
4.038461538461538680e+01 3.138461538461538680e+01
4.063636363636364024e+01 2.990909090909091006e+01
4.063636363636364024e+01 2.809090909090908994e+01
4.079999999999999716e+01 2.633333333333333215e+01
4.033333333333332860e+01 2.475000000000000000e+01
4.000000000000000000e+01 2.315384615384615685e+01
3.914285714285713880e+01 2.192857142857142705e+01
3.833333333333333570e+01 2.053333333333333144e+01
3.761538461538462030e+01 1.961538461538461675e+01
3.663636363636364024e+01 1.890909090909091006e+01
3.585714285714285410e+01 1.807142857142856940e+01
3.507142857142856940e+01 1.728571428571428470e+01
3.485714285714285410e+01 1.707142857142856940e+01
3.469230769230769340e+01 1.700000000000000000e+01
3.469230769230769340e+01 1.700000000000000000e+01
3.485714285714285410e+01 1.707142857142856940e+01
3.500000000000000000e+01 1.715384615384615330e+01
3.566666666666666430e+01 1.775000000000000000e+01
3.623076923076923350e+01 1.823076923076923350e+01
3.716666666666666430e+01 1.908333333333333215e+01
3.785714285714285410e+01 2.007142857142856940e+01
3.869230769230769340e+01 2.107692307692307665e+01
3.923076923076923350e+01 2.223076923076923350e+01
4.000000000000000000e+01 2.384615384615384670e+01
4.053846153846154010e+01 2.515384615384615685e+01
4.083333333333332860e+01 2.691666666666666430e+01
4.091666666666666430e+01 2.866666666666666430e+01
4.116666666666666430e+01 3.008333333333333215e+01
4.086666666666666714e+01 3.153333333333333144e+01
4.014285714285713880e+01 3.292857142857142350e+01
3.935714285714285410e+01 3.414285714285713880e+01
3.861538461538462030e+01 3.561538461538462030e+01
3.800000000000000000e+01 3.671428571428571530e+01
3.706666666666666288e+01 3.739999999999999858e+01
3.669230769230769340e+01 3.800000000000000000e+01
3.600000000000000000e+01 3.850000000000000000e+01
3.569230769230769340e+01 3.900000000000000000e+01
3.530769230769230660e+01 3.900000000000000000e+01
3.550000000000000000e+01 3.900000000000000000e+01
3.566666666666666430e+01 3.906666666666666288e+01
3.618750000000000000e+01 3.850000000000000000e+01
3.700000000000000000e+01 3.800000000000000000e+01
3.730769230769230660e+01 3.700000000000000000e+01
3.800000000000000000e+01 3.615384615384615330e+01
3.900000000000000000e+01 3.515384615384615330e+01
3.935714285714285410e+01 3.385714285714285410e+01
4.006666666666666288e+01 3.239999999999999858e+01
4.085714285714285410e+01 3.107142857142856940e+01
4.083333333333332860e+01 2.991666666666666430e+01
4.100000000000000000e+01 2.815384615384615685e+01
4.100000000000000000e+01 2.650000000000000000e+01
4.050000000000000000e+01 2.500000000000000000e+01
4.014285714285713880e+01 2.350000000000000000e+01
3.936363636363636687e+01 2.209090909090908994e+01
3.900000000000000000e+01 2.115384615384615330e+01
3.816666666666666430e+01 2.008333333333333215e+01
3.738461538461538680e+01 1.938461538461538680e+01
3.683333333333332860e+01 1.891666666666666430e+01
3.636363636363636687e+01 1.809090909090908994e+01
3.600000000000000000e+01 1.800000000000000000e+01
3.561538461538462030e+01 1.761538461538461675e+01
3.578571428571428470e+01 1.764285714285714235e+01
3.578571428571428470e+01 1.764285714285714235e+01
3.616666666666666430e+01 1.808333333333333215e+01
3.641666666666666430e+01 1.825000000000000000e+01
3.716666666666666430e+01 1.908333333333333215e+01
3.778571428571428470e+01 1.964285714285714235e+01
3.850000000000000000e+01 2.050000000000000000e+01
3.911764705882352899e+01 2.158823529411764852e+01
3.969230769230769340e+01 2.300000000000000000e+01
4.030769230769230660e+01 2.400000000000000000e+01
4.061538461538462030e+01 2.561538461538461675e+01
4.069230769230769340e+01 2.700000000000000000e+01
4.063636363636364024e+01 2.890909090909091006e+01
4.085714285714285410e+01 3.007142857142856940e+01
4.018750000000000000e+01 3.131250000000000000e+01
4.000000000000000000e+01 3.250000000000000000e+01
3.930769230769230660e+01 3.400000000000000000e+01
3.885714285714285410e+01 3.507142857142856940e+01
3.816666666666666430e+01 3.608333333333332860e+01
3.750000000000000000e+01 3.700000000000000000e+01
3.700000000000000000e+01 3.715384615384615330e+01
3.650000000000000000e+01 3.800000000000000000e+01
3.630769230769230660e+01 3.800000000000000000e+01
3.614285714285713880e+01 3.807142857142856940e+01
3.614285714285713880e+01 3.807142857142856940e+01
3.630769230769230660e+01 3.800000000000000000e+01
3.700000000000000000e+01 3.750000000000000000e+01
3.730769230769230660e+01 3.700000000000000000e+01
3.800000000000000000e+01 3.615384615384615330e+01
3.841666666666666430e+01 3.525000000000000000e+01
3.906666666666666288e+01 3.439999999999999858e+01
3.950000000000000000e+01 3.300000000000000000e+01
4.000000000000000000e+01 3.200000000000000000e+01
4.030769230769230660e+01 3.100000000000000000e+01
4.050000000000000000e+01 2.920000000000000284e+01
4.080000000000000426e+01 2.800000000000000000e+01
4.061538461538462030e+01 2.661538461538461675e+01
4.030769230769230660e+01 2.500000000000000000e+01
4.000000000000000000e+01 2.400000000000000000e+01
3.950000000000000000e+01 2.271428571428571175e+01
3.906250000000000000e+01 2.168750000000000000e+01
3.833333333333333570e+01 2.073333333333333428e+01
3.783333333333332860e+01 1.991666666666666430e+01
3.723076923076923350e+01 1.923076923076923350e+01
3.700000000000000000e+01 1.900000000000000000e+01
3.650000000000000000e+01 1.850000000000000000e+01
3.623076923076923350e+01 1.823076923076923350e+01
3.623076923076923350e+01 1.823076923076923350e+01
3.623076923076923350e+01 1.823076923076923350e+01
3.683333333333332860e+01 1.891666666666666430e+01
3.730769230769230660e+01 1.900000000000000000e+01
3.784615384615384670e+01 1.976923076923077005e+01
3.807142857142856940e+01 2.028571428571428470e+01
3.893333333333333002e+01 2.119999999999999929e+01
3.916666666666666430e+01 2.208333333333333215e+01
3.985714285714285410e+01 2.307142857142856940e+01
4.038461538461538680e+01 2.438461538461538680e+01
4.050000000000000000e+01 2.600000000000000000e+01
4.083333333333332860e+01 2.708333333333333215e+01
4.063636363636364024e+01 2.890909090909091006e+01
4.050000000000000000e+01 3.000000000000000000e+01
4.053846153846154010e+01 3.138461538461538680e+01
4.000000000000000000e+01 3.250000000000000000e+01
3.960000000000000142e+01 3.339999999999999858e+01
3.911764705882352899e+01 3.458823529411764497e+01
3.861538461538462030e+01 3.561538461538462030e+01
3.800000000000000000e+01 3.615384615384615330e+01
3.769230769230769340e+01 3.700000000000000000e+01
3.714285714285713880e+01 3.707142857142856940e+01
3.706666666666666288e+01 3.739999999999999858e+01
3.706666666666666288e+01 3.739999999999999858e+01
3.707142857142856940e+01 3.728571428571428470e+01
3.730769230769230660e+01 3.700000000000000000e+01
3.750000000000000000e+01 3.700000000000000000e+01
3.800000000000000000e+01 3.615384615384615330e+01
3.866666666666666430e+01 3.550000000000000000e+01
3.906250000000000000e+01 3.468750000000000000e+01
3.933333333333333570e+01 3.373333333333333428e+01
4.000000000000000000e+01 3.250000000000000000e+01
4.041666666666666430e+01 3.125000000000000000e+01
4.050000000000000000e+01 3.000000000000000000e+01
4.050000000000000000e+01 2.900000000000000000e+01
4.061538461538462030e+01 2.761538461538461675e+01
4.036363636363636687e+01 2.609090909090908994e+01
4.000000000000000000e+01 2.500000000000000000e+01
3.963636363636364024e+01 2.390909090909091006e+01
3.928571428571428470e+01 2.285714285714285410e+01
3.878571428571428470e+01 2.164285714285714235e+01
3.830769230769230660e+01 2.100000000000000000e+01
3.769230769230769340e+01 2.000000000000000000e+01
3.718750000000000000e+01 1.950000000000000000e+01
3.685714285714285410e+01 1.907142857142856940e+01
3.650000000000000000e+01 1.900000000000000000e+01
3.630769230769230660e+01 1.900000000000000000e+01
3.630769230769230660e+01 1.900000000000000000e+01
3.650000000000000000e+01 1.900000000000000000e+01
3.685714285714285410e+01 1.907142857142856940e+01
3.718750000000000000e+01 1.950000000000000000e+01
3.785714285714285410e+01 2.007142857142856940e+01
3.830769230769230660e+01 2.100000000000000000e+01
3.885714285714285410e+01 2.207142857142856940e+01
3.930769230769230660e+01 2.300000000000000000e+01
3.983333333333332860e+01 2.391666666666666430e+01
4.016666666666666430e+01 2.508333333333333215e+01
4.038461538461538680e+01 2.638461538461538680e+01
4.050000000000000000e+01 2.800000000000000000e+01
4.036363636363636687e+01 2.909090909090909349e+01
4.021428571428571530e+01 3.035714285714285410e+01
4.018750000000000000e+01 3.150000000000000000e+01
4.000000000000000000e+01 3.250000000000000000e+01
3.929411764705882604e+01 3.341176470588235503e+01
3.871428571428571530e+01 3.450000000000000000e+01
3.830769230769230660e+01 3.500000000000000000e+01
3.800000000000000000e+01 3.600000000000000000e+01
3.776923076923077360e+01 3.615384615384615330e+01
3.738461538461538680e+01 3.676923076923077360e+01
3.730769230769230660e+01 3.700000000000000000e+01
3.714285714285713880e+01 3.692857142857142350e+01
3.730769230769230660e+01 3.700000000000000000e+01
3.741666666666666430e+01 3.625000000000000000e+01
3.785714285714285410e+01 3.607142857142856940e+01
3.806666666666666288e+01 3.539999999999999858e+01
3.850000000000000000e+01 3.500000000000000000e+01
3.914285714285713880e+01 3.392857142857142350e+01
3.930769230769230660e+01 3.300000000000000000e+01
4.014285714285713880e+01 3.192857142857142705e+01
4.030769230769230660e+01 3.100000000000000000e+01
4.042857142857142350e+01 2.964285714285714235e+01
4.054545454545454675e+01 2.836363636363636331e+01
4.050000000000000000e+01 2.700000000000000000e+01
4.030769230769230660e+01 2.600000000000000000e+01
4.000000000000000000e+01 2.471428571428571175e+01
3.961538461538462030e+01 2.361538461538461675e+01
3.911764705882352899e+01 2.258823529411764497e+01
3.900000000000000000e+01 2.185714285714285765e+01
3.830769230769230660e+01 2.100000000000000000e+01
3.800000000000000000e+01 2.015384615384615330e+01
3.730769230769230660e+01 2.000000000000000000e+01
3.706666666666666288e+01 1.939999999999999858e+01
3.700000000000000000e+01 1.915384615384615330e+01
3.700000000000000000e+01 1.915384615384615330e+01
3.700000000000000000e+01 1.915384615384615330e+01
3.726666666666666572e+01 1.960000000000000142e+01
3.750000000000000000e+01 2.000000000000000000e+01
3.806666666666666288e+01 2.039999999999999858e+01
3.830769230769230660e+01 2.100000000000000000e+01
3.906250000000000000e+01 2.168750000000000000e+01
3.911764705882352899e+01 2.258823529411764497e+01
3.971428571428571530e+01 2.350000000000000000e+01
3.971428571428571530e+01 2.450000000000000000e+01
4.033333333333333570e+01 2.573333333333333428e+01
4.050000000000000000e+01 2.700000000000000000e+01
4.036363636363636687e+01 2.809090909090908994e+01
4.054545454545454675e+01 2.936363636363636331e+01
4.038461538461538680e+01 3.038461538461538680e+01
4.006666666666666288e+01 3.139999999999999858e+01
4.000000000000000000e+01 3.250000000000000000e+01
3.950000000000000000e+01 3.328571428571428470e+01
3.900000000000000000e+01 3.415384615384615330e+01
3.850000000000000000e+01 3.500000000000000000e+01
3.807142857142856940e+01 3.528571428571428470e+01
3.816666666666666430e+01 3.608333333333332860e+01
3.800000000000000000e+01 3.615384615384615330e+01
3.800000000000000000e+01 3.615384615384615330e+01
3.800000000000000000e+01 3.615384615384615330e+01
3.816666666666666430e+01 3.608333333333332860e+01
3.814285714285713880e+01 3.592857142857142350e+01
3.830769230769230660e+01 3.500000000000000000e+01
3.884615384615384670e+01 3.476923076923077360e+01
3.930769230769230660e+01 3.400000000000000000e+01
3.950000000000000000e+01 3.300000000000000000e+01
3.985714285714285410e+01 3.207142857142856940e+01
4.016666666666666430e+01 3.108333333333333215e+01
4.030769230769230660e+01 3.000000000000000000e+01
4.036363636363636687e+01 2.909090909090909349e+01
4.050000000000000000e+01 2.800000000000000000e+01
4.058333333333332860e+01 2.675000000000000000e+01
4.042857142857142350e+01 2.564285714285714235e+01
4.000000000000000000e+01 2.428571428571428470e+01
3.953846153846154010e+01 2.315384615384615685e+01
3.918750000000000000e+01 2.250000000000000000e+01
3.900000000000000000e+01 2.185714285714285765e+01
3.850000000000000000e+01 2.107142857142856940e+01
3.818750000000000000e+01 2.050000000000000000e+01
3.785714285714285410e+01 2.007142857142856940e+01
3.785714285714285410e+01 2.007142857142856940e+01
3.750000000000000000e+01 1.975000000000000000e+01
3.750000000000000000e+01 1.975000000000000000e+01
3.785714285714285410e+01 2.007142857142856940e+01
3.785714285714285410e+01 2.007142857142856940e+01
3.818750000000000000e+01 2.050000000000000000e+01
3.830769230769230660e+01 2.100000000000000000e+01
3.906250000000000000e+01 2.168750000000000000e+01
3.918750000000000000e+01 2.250000000000000000e+01
3.950000000000000000e+01 2.300000000000000000e+01
4.000000000000000000e+01 2.415384615384615685e+01
4.007142857142856940e+01 2.528571428571428470e+01
4.038461538461538680e+01 2.638461538461538680e+01
4.061538461538462030e+01 2.761538461538461675e+01
4.050000000000000000e+01 2.900000000000000000e+01
4.030769230769230660e+01 3.000000000000000000e+01
4.030769230769230660e+01 3.100000000000000000e+01
4.014285714285713880e+01 3.192857142857142705e+01
3.993333333333333002e+01 3.260000000000000142e+01
3.906666666666666288e+01 3.339999999999999858e+01
3.900000000000000000e+01 3.415384615384615330e+01
3.869230769230769340e+01 3.500000000000000000e+01
3.830769230769230660e+01 3.500000000000000000e+01
3.826666666666666572e+01 3.560000000000000142e+01
3.814285714285713880e+01 3.592857142857142350e+01
3.814285714285713880e+01 3.592857142857142350e+01
3.813333333333333286e+01 3.579999999999999716e+01
3.826666666666666572e+01 3.560000000000000142e+01
3.830769230769230660e+01 3.500000000000000000e+01
3.878571428571428470e+01 3.464285714285713880e+01
3.914285714285713880e+01 3.407142857142856940e+01
3.930769230769230660e+01 3.300000000000000000e+01
4.006666666666666288e+01 3.239999999999999858e+01
4.006666666666666288e+01 3.239999999999999858e+01
4.006666666666666288e+01 3.239999999999999858e+01
